2048
512 682 836 1024 1024 1706 1593 369 682 682 1024 1155 512 682 512 569 1024 1024 1024 1024 1024 1024 1024 1024 1024 1024 569 569 1155 1155 1155 909 1886 1479 1366 1366 1479 1251 1139 1479 1479 682 797 1479 1251 1821 1479 1479 1139 1479 1366 1139 1251 1479 1479 1933 1479 1479 1251 682 569 682 961 1024 682 909 1024 909 1024 909 682 1024 1024 569 569 1024 569 1593 1024 1024 1024 1024 682 797 569 1024 1024 1479 1024 1024 909 983 410 983 1108
104
32 65 -113
32 84 -37
32 86 -37
32 87 -37
32 89 -76
49 49 -76
65 32 -113
65 84 -227
65 86 -264
65 87 -164
65 89 -188
65 118 -152
65 119 -188
65 121 -188
70 44 -164
70 46 -164
70 65 -152
76 32 -76
76 84 -188
76 86 -188
76 87 -152
76 89 -205
76 121 -113
80 32 -76
80 44 -227
80 46 -227
80 65 -188
82 84 -123
82 86 -164
82 87 -113
82 89 -113
82 121 -82
84 32 -37
84 44 -152
84 45 -188
84 46 -152
84 58 -102
84 59 -113
84 65 -164
84 79 -37
84 97 -143
84 99 -143
84 101 -143
84 105 -72
84 111 -143
84 114 -72
84 115 -143
84 117 -72
84 119 -143
84 121 -143
86 32 -37
86 44 -264
86 45 -188
86 46 -264
86 58 -152
86 59 -152
86 65 -264
86 97 -227
86 101 -227
86 105 -123
86 111 -264
86 114 -123
86 117 -123
86 121 -227
87 32 -37
87 44 -188
87 45 -113
87 46 -188
87 58 -76
87 59 -76
87 65 -227
87 97 -164
87 101 -164
87 105 -82
87 111 -164
87 114 -82
87 117 -82
87 121 -123
89 32 -76
89 44 -264
89 45 -227
89 46 -264
89 58 -188
89 59 -188
89 65 -227
89 97 -205
89 101 -205
89 105 -113
89 111 -205
89 112 -188
89 113 -227
89 117 -227
89 118 -205
102 102 -37
114 44 -82
114 45 -41
114 46 -113
114 103 -37
118 44 -133
118 46 -133
119 44 -133
119 46 -133
121 44 -133
121 46 -133
